2008.0 1.0 1.0 0.0 42.0 32.0 187.99107751458646 13.185237207390909 -3128621.984538657 -5792917.706611475 1967186.4328769 
2008.0 1.0 1.0 0.0 42.0 34.0 188.14730863016027 13.062726515441861 -3128501.078295394 -5788036.547155397 1981624.9111298537 
2008.0 1.0 1.0 0.0 42.0 36.0 188.30268390442075 12.938164176811618 -3128364.7848823075 -5783126.919912649 1996053.6157388885 
2008.0 1.0 1.0 0.0 42.0 38.0 188.46166954327066 12.812731432656472 -3128213.10496842 -5778188.84902822 2010472.4755384338 
2008.0 1.0 1.0 0.0 42.0 40.0 188.61785248039547 12.685679777299612 -3128046.039299324 -5773222.358788654 2024881.4194120304 
2008.0 1.0 1.0 0.0 42.0 42.0 188.77680502612034 12.561494887789777 -3127863.5886971755 -5768227.473621913 2039280.3762926944 
2008.0 1.0 1.0 0.0 42.0 44.0 188.9328253437849 12.432943527739859 -3127665.754060691 -5763204.218097258 2053669.2751632773 
2008.0 1.0 1.0 0.0 42.0 46.0 189.09269454887138 12.308187781149707 -3127452.536365139 -5758152.616925121 2068048.0450568283 
2008.0 1.0 1.0 0.0 42.0 48.0 189.25223894698487 12.180488546376553 -3127223.9366623336 -5753072.69495697 2082416.6150569562 
2008.0 1.0 1.0 0.0 42.0 50.0 189.41261834223295 12.053445852832603 -3126979.9560806295 -5747964.477185191 2096774.9142981898 
2008.0 1.0 1.0 0.0 42.0 52.0 189.5730139743252 11.925085564362407 -3126720.5958249136 -5742827.988742944 2111122.8719663373 
2008.0 1.0 1.0 0.0 42.0 54.0 189.73332878554737 11.796779276745264 -3126445.857176596 -5737663.254904041 2125460.4172988487 
2008.0 1.0 1.0 0.0 42.0 56.0 189.89406681591973 11.66937237501137 -3126155.7414936027 -5732470.301082812 2139787.479585175 
2008.0 1.0 1.0 0.0 42.0 58.0 190.05528637586832 11.540810214999478 -3125850.2502103685 -5727249.152833974 2154103.9881671276 
2008.0 1.0 1.0 0.0 43.0 0.0 190.21679707693482 11.411445095401103 -3125529.3848378244 -5721999.835852492 2168409.8724392373 
2008.0 1.0 1.0 0.0 43.0 2.0 190.38008758336778 11.280694822568599 -3125193.1469633915 -5716722.375973453 2182705.061849116 
2008.0 1.0 1.0 0.0 43.0 4.0 190.54291085524454 11.153149986647094 -3124841.5382509693 -5711416.799171925 2196989.48589781 
2008.0 1.0 1.0 0.0 43.0 6.0 190.70693900806737 11.023174429325778 -3124474.5604409263 -5706083.1315628225 2211263.0741401645 
2008.0 1.0 1.0 0.0 43.0 8.0 190.87310393706096 10.891261855081105 -3124092.215350089 -5700721.399400775 2225525.7561851777 
2008.0 1.0 1.0 0.0 43.0 10.0 191.03434236550163 10.759564517911215 -3123694.504871731 -5695331.629079984 2239777.4616963603 
2008.0 1.0 1.0 0.0 43.0 12.0 191.19913596775172 10.628711298177281 -3123281.4309755596 -5689913.847134088 2254018.1203920934 
2008.0 1.0 1.0 0.0 43.0 14.0 191.36633379273027 10.495750623972189 -3122852.995707706 -5684468.080236025 2268247.662045983 
2008.0 1.0 1.0 0.0 43.0 16.0 191.53152519583026 10.367407342578767 -3122409.2011907143 -5678994.35519789 2282466.0164872194 
2008.0 1.0 1.0 0.0 43.0 18.0 191.69670172069488 10.234284402775215 -3121950.0496235243 -5673492.698970796 2296673.113600932 
2008.0 1.0 1.0 0.0 43.0 20.0 191.86323703058346 10.099649830835816 -3121475.543281462 -5667963.138644738 2310868.883328547 
2008.0 1.0 1.0 0.0 43.0 22.0 192.0285355356116 9.968629395523992 -3120985.684516224 -5662405.701448444 2325053.255668142 
2008.0 1.0 1.0 0.0 43.0 24.0 192.1988075705137 9.83481960968498 -3120480.4757558643 -5656820.41474924 2339226.1606748016 
2008.0 1.0 1.0 0.0 43.0 26.0 192.364813858769 9.701221338916296 -3119959.9195047803 -5651207.306052898 2353387.5284609725 
2008.0 1.0 1.0 0.0 43.0 28.0 192.53384448578015 9.567954972716056 -3119424.018343697 -5645566.403003504 2367537.2891968186 
2008.0 1.0 1.0 0.0 43.0 30.0 192.70250371781765 9.433064463757939 -3118872.774929652 -5639897.733383302 2381675.3731105737 
2008.0 1.0 1.0 0.0 43.0 32.0 192.86909135572856 9.298994147602425 -3118306.191995981 -5634201.325112558 2395801.7104888987 
2008.0 1.0 1.0 0.0 43.0 34.0 193.04047183542272 9.163484534529362 -3117724.272352299 -5628477.2062494075 2409916.2316772323 
2008.0 1.0 1.0 0.0 43.0 36.0 193.20974567709092 9.028514316761829 -3117127.018884486 -5622725.404989712 2424018.867080146 
2008.0 1.0 1.0 0.0 43.0 38.0 193.3789468869654 8.896504912641996 -3116514.4345546705 -5616945.949666914 2438109.5471616955 
2008.0 1.0 1.0 0.0 43.0 40.0 193.54946499585208 8.759224748360568 -3115886.5224012104 -5611138.86875188 2452188.202445776 
2008.0 1.0 1.0 0.0 43.0 42.0 193.72235761156801 8.622257411405243 -3115243.2855386757 -5605304.190852765 2466254.7635164717 
2008.0 1.0 1.0 0.0 43.0 44.0 193.89179787297462 8.487232864833823 -3114584.727157831 -5599441.944714851 2480309.161018409 
2008.0 1.0 1.0 0.0 43.0 46.0 194.06484967203588 8.351420438376758 -3113910.8505256176 -5593552.159220403 2494351.3256571065 
2008.0 1.0 1.0 0.0 43.0 48.0 194.23801389870982 8.216677480388983 -3113221.658985132 -5587634.863388515 2508381.1881993283 
2008.0 1.0 1.0 0.0 43.0 50.0 194.40743091754862 8.07822221127682 -3112517.1559556094 -5581690.086374962 2522398.679473435 
2008.0 1.0 1.0 0.0 43.0 52.0 194.57983513327318 7.9434269064259055 -3111797.344932402 -5575717.857472041 2536403.7303697313 
2008.0 1.0 1.0 0.0 43.0 54.0 194.75449847329463 7.804916759253615 -3111062.22948696 -5569718.206108427 2550396.271840818 
2008.0 1.0 1.0 0.0 43.0 56.0 194.9284762225811 7.665942799578731 -3110311.8132668086 -5563691.161849011 2564376.2349019423 
2008.0 1.0 1.0 0.0 43.0 58.0 195.10126828063383 7.530335913804828 -3109546.0999955316 -5557636.754394748 2578343.550631344 
2008.0 1.0 1.0 0.0 44.0 0.0 195.2756341879468 7.39202955256817 -3108765.093472745 -5551555.0135825025 2592298.150170608 
2008.0 1.0 1.0 0.0 44.0 2.0 195.45073785818903 7.254100889637349 -3107968.797574077 -5545445.969384893 2606239.964725011 
2008.0 1.0 1.0 0.0 44.0 4.0 195.62439707577343 7.114923296507238 -3107157.216251147 -5539309.651910134 2620168.92556387 
2008.0 1.0 1.0 0.0 44.0 6.0 195.79921615101395 6.978239073718488 -3106330.3535315427 -5533146.091401877 2634084.964020888 
2008.0 1.0 1.0 0.0 44.0 8.0 195.9750208690297 6.838782908407036 -3105488.213518795 -5526955.318239057 2647988.0114945066 
2008.0 1.0 1.0 0.0 44.0 10.0 196.1506174318493 6.701728796164181 -3104630.800392356 -5520737.362935727 2661877.999448247 
2008.0 1.0 1.0 0.0 44.0 12.0 196.3271010234149 6.5601728863418005 -3103758.1184075754 -5514492.256140904 2675754.85941106 
2008.0 1.0 1.0 0.0 44.0 14.0 196.50312626250627 6.422603976694593 -3102870.171895676 -5508220.028638404 2689618.5229776707 
2008.0 1.0 1.0 0.0 44.0 16.0 196.68131785920937 6.28409122094316 -3101966.9652637267 -5501920.711346689 2703468.9218089255 
2008.0 1.0 1.0 0.0 44.0 18.0 196.8594559189616 6.144465909293457 -3101048.5029946226 -5495594.335318693 2717305.9876321373 
2008.0 1.0 1.0 0.0 44.0 20.0 197.0362321760614 6.002774543324662 -3100114.789647054 -5489240.931741671 2731129.6522414284 
2008.0 1.0 1.0 0.0 44.0 22.0 197.21539235602623 5.865947757880856 -3099165.8298554835 -5482860.531937028 2744939.8474980784 
2008.0 1.0 1.0 0.0 44.0 24.0 197.39325653633819 5.72609313851444 -3098201.6283301194 -5476453.16736016 2758736.5053308653 
2008.0 1.0 1.0 0.0 44.0 26.0 197.56919961457166 5.584027058442756 -3097222.1898568887 -5470018.869600286 2772519.557736411 
2008.0 1.0 1.0 0.0 44.0 28.0 197.7492685948236 5.445589995752371 -3096227.5192974084 -5463557.670380287 2786288.936779525 
2008.0 1.0 1.0 0.0 44.0 30.0 197.92639681619764 5.3056938609144595 -3095217.621588961 -5457069.601556535 2800044.574593545 
2008.0 1.0 1.0 0.0 44.0 32.0 198.1075364497954 5.166285774519938 -3094192.501744465 -5450554.695118729 2813786.4033806818 
2008.0 1.0 1.0 0.0 44.0 34.0 198.28626285980863 5.024182966917263 -3093152.1648524445 -5444012.983189726 2827514.3554123607 
2008.0 1.0 1.0 0.0 44.0 36.0 198.46582632171166 4.884340052052508 -3092096.616077005 -5437444.498025377 2841228.3630295624 
2008.0 1.0 1.0 0.0 44.0 38.0 198.64621654486828 4.743350766638396 -3091025.8606577995 -5430849.272014354 2854928.3586431653 
2008.0 1.0 1.0 0.0 44.0 40.0 198.82662589172855 4.603610024557085 -3089939.903910003 -5424227.33767798 2868614.274734286 
2008.0 1.0 1.0 0.0 44.0 42.0 199.00717823320772 4.4618295481102175 -3088838.75122428 -5417578.727670063 2882286.0438546194 
2008.0 1.0 1.0 0.0 44.0 44.0 199.1876903513822 4.322686055846659 -3087722.408066754 -5410903.4747767225 2895943.5986267794 
2008.0 1.0 1.0 0.0 44.0 46.0 199.36669803790522 4.181691100528896 -3086590.87997898 -5404201.611916219 2909586.871744638 
2008.0 1.0 1.0 0.0 44.0 48.0 199.54983303781876 4.0419336346053925 -3085444.172577908 -5397473.172138779 2923215.795973663 
2008.0 1.0 1.0 0.0 44.0 50.0 199.7312813069904 3.9004541783379456 -3084282.291555856 -5390718.188626428 2936830.3041512608 
2008.0 1.0 1.0 0.0 44.0 52.0 199.91394287652602 3.7596898562611365 -3083105.242680476 -5383936.694692807 2950430.32918711 
2008.0 1.0 1.0 0.0 44.0 54.0 200.095475111234 3.618696632757569 -3081913.0317947227 -5377128.72378301 2964015.804063502 
2008.0 1.0 1.0 0.0 44.0 56.0 200.2784020478884 3.479053843466911 -3080705.664816818 -5370294.309473399 2977586.661835677 
2008.0 1.0 1.0 0.0 44.0 58.0 200.45968910797805 3.339162738902168 -3079483.1477402225 -5363433.485471437 2991142.835632163 
2008.0 1.0 1.0 0.0 45.0 0.0 200.6425914985757 3.1957393122095277 -3078245.486633598 -5356546.285615505 3004684.25865511 
2008.0 1.0 1.0 0.0 45.0 2.0 200.82398901084017 3.0536327519334754 -3076992.6876407745 -5349632.743874727 3018210.864180627 
2008.0 1.0 1.0 0.0 45.0 4.0 201.00748225584272 2.9143248088238414 -3075724.756980717 -5342692.8943487955 3031722.5855591167 
2008.0 1.0 1.0 0.0 45.0 6.0 201.1919862135392 2.7740251715314326 -3074441.7009474905 -5335726.771267787 3045219.356215615 
2008.0 1.0 1.0 0.0 45.0 8.0 201.37372304713793 2.6316654273298306 -3073143.525910223 -5328734.408991987 3058701.109650119 
2008.0 1.0 1.0 0.0 45.0 10.0 201.55575454370586 2.4923915112348642 -3071830.2383130714 -5321715.842011711 3072167.7794379275 
2008.0 1.0 1.0 0.0 45.0 12.0 201.73903032679965 2.3503329310482473 -3070501.844675185 -5314671.104947121 3085619.2992299697 
2008.0 1.0 1.0 0.0 45.0 14.0 201.92473793163765 2.208923819542581 -3069158.3515906716 -5307600.232548049 3099055.6027531424 
2008.0 1.0 1.0 0.0 45.0 16.0 202.10881549305228 2.070775573134515 -3067799.7657285566 -5300503.259693808 3112476.623810641 
2008.0 1.0 1.0 0.0 45.0 46.0 204.88387141209444 -0.02572535434337218 -3045614.6082339953 -5190940.724281718 3311913.2672939207 
2008.0 1.0 1.0 0.0 45.0 48.0 205.06857648175622 -0.1608500208960951 -3044015.5059037106 -5183430.9926772965 3325080.8296785834 
2008.0 1.0 1.0 0.0 45.0 50.0 205.25487219906103 -0.30120710719367777 -3042401.435594461 -5175895.773198069 3338231.9962460278 
2008.0 1.0 1.0 0.0 45.0 52.0 205.4386563064694 -0.43831363805002926 -3040772.4053170932 -5168335.103022263 3351366.702229235 
2008.0 1.0 1.0 0.0 45.0 54.0 205.62528257052213 -0.5783855568729994 -3039128.4231566014 -5160749.019454014 3364484.8829437206 
2008.0 1.0 1.0 0.0 45.0 56.0 205.81325059355737 -0.714438261959949 -3037469.497272082 -5153137.55992317 3377586.4737878623 
2008.0 1.0 1.0 0.0 45.0 58.0 205.99883865757835 -0.8501965349370371 -3035795.6358966893 -5145500.761985102 3390671.410243218 
2008.0 1.0 1.0 0.0 46.0 0.0 206.1859086920082 -0.9879804482453065 -3034106.8473375887 -5137838.663320497 3403739.6278748517 
2008.0 1.0 1.0 0.0 46.0 2.0 206.36958672407704 -1.125886013835676 -3032403.139975911 -5130151.301735167 3416791.062331652 
2008.0 1.0 1.0 0.0 46.0 4.0 206.55731098047747 -1.2612649796176534 -3030684.522266709 -5122438.715159857 3429825.6493466576 
2008.0 1.0 1.0 0.0 46.0 6.0 206.74371773141968 -1.398102419977348 -3028951.0027389075 -5114700.941650036 3442843.324737375 
2008.0 1.0 1.0 0.0 46.0 8.0 206.92777063184238 -1.5349132823895633 -3027202.589995258 -5106938.019385707 3455844.0244061016 
2008.0 1.0 1.0 0.0 46.0 10.0 207.11380434748597 -1.670572386555962 -3025439.292712292 -5099149.986671205 3468827.6843402437 
2008.0 1.0 1.0 0.0 46.0 12.0 207.3000374215262 -1.806651128870693 -3023661.1196402716 -5091336.881934995 3481794.240612637 
2008.0 1.0 1.0 0.0 46.0 14.0 207.4870734241204 -1.9419380916793627 -3021868.0796031444 -5083498.743729476 3494743.6293818634 
2008.0 1.0 1.0 0.0 46.0 16.0 207.67269977792145 -2.0786109362414606 -3020060.1814984903 -5075635.610730776 3507675.7868925733 
2008.0 1.0 1.0 0.0 46.0 18.0 207.85970157147167 -2.212368569087297 -3018237.434297478 -5067747.521738552 3520590.6494758003 
2008.0 1.0 1.0 0.0 46.0 20.0 208.04668658717785 -2.3470912385284506 -3016399.847044812 -5059834.515675789 3533488.15354928 
2008.0 1.0 1.0 0.0 46.0 22.0 208.2306417338692 -2.480923359971309 -3014547.4288586853 -5051896.631588592 3546368.235617766 
2008.0 1.0 1.0 0.0 46.0 24.0 208.4174059266061 -2.6142954664933646 -3012680.188930727 -5043933.90864599 3559230.832273348 
2008.0 1.0 1.0 0.0 46.0 26.0 208.60329245739362 -2.7480791479566116 -3010798.136525955 -5035946.386139726 3572075.8801957653 
2008.0 1.0 1.0 0.0 46.0 28.0 208.78939294910145 -2.881197459143198 -3008901.280982724 -5027934.103484053 3584903.3161527244 
2008.0 1.0 1.0 0.0 46.0 30.0 208.97657245887686 -3.0133197835053647 -3006989.6317126723 -5019897.100215533 3597713.077000213 
2008.0 1.0 1.0 0.0 46.0 32.0 209.16185595374952 -3.143963948109924 -3005063.1982006733 -5011835.415992823 3610505.0996828126 
2008.0 1.0 1.0 0.0 46.0 34.0 209.3470374265583 -3.2781562072528847 -3003121.990004783 -5003749.090596477 3623279.3212340153 
2008.0 1.0 1.0 0.0 46.0 36.0 209.53274467268005 -3.4114988227229066 -3001166.0167561863 -4995638.16392873 3636035.678776535 
2008.0 1.0 1.0 0.0 46.0 38.0 209.71971302086544 -3.5428031640555013 -2999195.2881591455 -4987502.676013299 3648774.109522621 
2008.0 1.0 1.0 0.0 46.0 40.0 209.9033537875893 -3.6724292327055386 -2997209.8139909487 -4979342.6669951705 3661494.5507743694 
2008.0 1.0 1.0 0.0 46.0 42.0 210.08989022544137 -3.801593564242331 -2995209.604101853 -4971158.177140387 3674196.9399240366 
2008.0 1.0 1.0 0.0 46.0 44.0 210.27464710825754 -3.933926467165911 -2993194.668415033 -4962949.2468358455 3686881.2144543473 
2008.0 1.0 1.0 0.0 46.0 46.0 210.46020489832472 -4.061687098625601 -2991165.0169265266 -4954715.916589083 3699547.311938808 
2008.0 1.0 1.0 0.0 46.0 48.0 210.64604609048746 -4.193656038947603 -2989120.6597051816 -4946458.227028065 3712195.170042016 
2008.0 1.0 1.0 0.0 46.0 50.0 210.83131396206545 -4.322025359860541 -2987061.6068925974 -4938176.218900975 3724824.7265199693 
2008.0 1.0 1.0 0.0 46.0 52.0 211.01588386462913 -4.45089959180278 -2984987.868703073 -4929869.933076003 3737435.919220374 
2008.0 1.0 1.0 0.0 46.0 54.0 211.19954624702734 -4.581200623865693 -2982899.4554235497 -4921539.410541131 3750028.686082955 
2008.0 1.0 1.0 0.0 46.0 56.0 211.3853411820354 -4.705718159354358 -2980796.377413556 -4913184.692403926 3762602.965139763 
2008.0 1.0 1.0 0.0 46.0 58.0 211.57014581000624 -4.833064933233674 -2978678.6451051505 -4904805.819891313 3775158.6945154816 
2008.0 1.0 1.0 0.0 47.0 0.0 211.7555139609933 -4.961565792422664 -2976546.2690028674 -4896402.834349377 3787695.8124277354 
2008.0 1.0 1.0 0.0 47.0 2.0 211.93836713796932 -5.088361807129501 -2974399.259683655 -4887975.7772431355 3800214.257187394 
2008.0 1.0 1.0 0.0 47.0 4.0 212.12315123173198 -5.211886098559852 -2972237.6277968227 -4879524.690156328 3812713.967198879 
2008.0 1.0 1.0 0.0 47.0 6.0 212.3088556667257 -5.338254099674707 -2970061.38406398 -4871049.614791199 3825194.8809604696 
2008.0 1.0 1.0 0.0 47.0 8.0 212.4894084988085 -5.463087737452544 -2967870.5392789803 -4862550.59296828 3837656.937064607 
2008.0 1.0 1.0 0.0 47.0 10.0 212.6754786478919 -5.588972971759403 -2965665.104307861 -4854027.666626178 3850100.0741981994 
2008.0 1.0 1.0 0.0 47.0 12.0 212.85849303655627 -5.713009757422363 -2963445.0900887866 -4845480.877821348 3862524.2311429223 
2008.0 1.0 1.0 0.0 47.0 14.0 213.04168820466668 -5.8357432244894305 -2961210.5076319855 -4836910.26872788 3874929.3467755257 
2008.0 1.0 1.0 0.0 47.0 16.0 213.22520406059982 -5.959901732815068 -2958961.368019695 -4828315.881637283 3887315.3600681336 
2008.0 1.0 1.0 0.0 47.0 18.0 213.40685272760143 -6.083818450824494 -2956697.6824060977 -4819697.758958259 3899682.210088547 
2008.0 1.0 1.0 0.0 47.0 20.0 213.5909214181836 -6.204505159386758 -2954419.4620172624 -4811055.943216486 3912029.836000545 
2008.0 1.0 1.0 0.0 47.0 22.0 213.77506755356174 -6.325735826240912 -2952126.7181510846 -4802390.477054397 3924358.177064186 
2008.0 1.0 1.0 0.0 47.0 24.0 213.95719631274542 -6.449681349626041 -2949819.462177223 -4793701.403230957 3936667.1726361075 
2008.0 1.0 1.0 0.0 47.0 26.0 214.13832942588232 -6.570195511155938 -2947497.7055370393 -4784988.764621445 3948956.762169826 
2008.0 1.0 1.0 0.0 47.0 28.0 214.31923769798317 -6.689039283040596 -2945161.4597435356 -4776252.604217226 3961226.885216034 
2008.0 1.0 1.0 0.0 47.0 30.0 214.5007876292801 -6.809935286464265 -2942810.7363812923 -4767492.965125533 3973477.481422903 
2008.0 1.0 1.0 0.0 47.0 32.0 214.68396474015043 -6.929749648060029 -2940445.5471064085 -4758709.89056924 3985708.4905363773 
2008.0 1.0 1.0 0.0 47.0 34.0 214.8658618282622 -7.049190129961302 -2938065.9036464323 -4749903.423886639 3997919.852400472 
2008.0 1.0 1.0 0.0 47.0 36.0 215.04469186240948 -7.167401054069552 -2935671.817800305 -4741073.608531215 4010111.506957573 
2008.0 1.0 1.0 0.0 47.0 38.0 215.2273440183941 -7.284373935983145 -2933263.3014382925 -4732220.488071423 4022283.3942487296 
2008.0 1.0 1.0 0.0 47.0 40.0 215.4072367760774 -7.401480795922489 -2930840.3665019227 -4723344.106190459 4034435.454413951 
2008.0 1.0 1.0 0.0 47.0 42.0 215.58833092107625 -7.51855335380944 -2928403.025003921 -4714444.506686031 4046567.6276925025 
2008.0 1.0 1.0 0.0 47.0 44.0 215.76949070018793 -7.635619149838902 -2925951.2890281463 -4705521.73347014 4058679.8544232 
2008.0 1.0 1.0 0.0 47.0 46.0 215.94688036307468 -7.750231723936782 -2923485.1707295254 -4696575.830568846 4070772.0750447004 
2008.0 1.0 1.0 0.0 47.0 48.0 216.12792271113204 -7.865516240439578 -2921004.6823339863 -4687606.8421220435 4082844.230095803 
2008.0 1.0 1.0 0.0 47.0 50.0 216.30740767314578 -7.980328598867642 -2918509.8361383937 -4678614.812383229 4094896.2602157313 
2008.0 1.0 1.0 0.0 47.0 52.0 216.48714194279432 -8.093543563187778 -2916000.644510484 -4669599.7857192755 4106928.1061444343 
2008.0 1.0 1.0 0.0 47.0 54.0 216.66595595130497 -8.2060430854093 -2913477.1198887946 -4660561.8066102 4118939.7087228755 
2008.0 1.0 1.0 0.0 47.0 56.0 216.8435784624379 -8.320002205182 -2910939.2747826027 -4651500.919648937 4130931.008893321 
2008.0 1.0 1.0 0.0 47.0 58.0 217.0219148854701 -8.432313277114075 -2908387.121771853 -4642417.169541104 4142901.9476996325 
2008.0 1.0 1.0 0.0 48.0 0.0 217.2019580522706 -8.546451024613718 -2905820.6735070916 -4633310.601104769 4154852.466287559 
2008.0 1.0 1.0 0.0 48.0 2.0 217.37828409744083 -8.655341271433567 -2903239.942709401 -4624181.259270227 4166782.505905022 
2008.0 1.0 1.0 0.0 48.0 4.0 217.55645654958445 -8.768998765963207 -2900644.9421703275 -4615029.189079752 4178692.0079024066 
2008.0 1.0 1.0 0.0 48.0 6.0 217.73412103827286 -8.87689325557357 -2898035.6847518147 -4605854.435687385 4190580.913732847 
2008.0 1.0 1.0 0.0 48.0 8.0 217.91236765901877 -8.988608566165274 -2895412.1833861335 -4596657.044358678 4202449.16495252 
2008.0 1.0 1.0 0.0 48.0 10.0 218.08819347971775 -9.096848077340244 -2892774.451075814 -4587437.06047048 4214296.703220927 
2008.0 1.0 1.0 0.0 48.0 12.0 218.26321890357704 -9.202716027786495 -2890122.500893576 -4578194.529510688 4226123.470301178 
2008.0 1.0 1.0 0.0 48.0 14.0 218.4389990793922 -9.31182251570159 -2887456.345982257 -4568929.497078018 4237929.408060284 
2008.0 1.0 1.0 0.0 48.0 16.0 218.6141155327024 -9.418867658014122 -2884775.9995547417 -4559642.008881771 4249714.4584694365 
2008.0 1.0 1.0 0.0 48.0 18.0 218.79098728222047 -9.525972399257585 -2882081.4748938945 -4550332.110741592 4261478.563604296 
2008.0 1.0 1.0 0.0 48.0 20.0 218.96678805850772 -9.63247292560582 -2879372.785352485 -4540999.848587237 4273221.6656452725 
2008.0 1.0 1.0 0.0 48.0 22.0 219.14097520055273 -9.737889589185503 -2876649.9443531176 -4531645.268458336 4284943.706877814 
2008.0 1.0 1.0 0.0 48.0 24.0 219.31322554941744 -9.842978701786567 -2873912.96538816 -4522268.416504149 4296644.62969268 
2008.0 1.0 1.0 0.0 48.0 26.0 219.49022561534164 -9.948132219671786 -2871161.862019671 -4512869.338983339 4308324.376586234 
2008.0 1.0 1.0 0.0 48.0 28.0 219.6630594012489 -10.050338524129408 -2868396.6478793286 -4503448.082263722 4319982.890160719 
2008.0 1.0 1.0 0.0 48.0 30.0 219.83667899081922 -10.153587725510594 -2865617.3366683545 -4494004.6928220345 4331620.11312454 
